#! FIELDS time n_na n_cl nares.bias nares.force2 clres.bias clres.force2 refcvna.morethan refcvcl.morethan spherena.morethan spherecl.morethan number spherenumber cn.mean spherecn.mean metad.bias metad.rbias metad.rct metad.work uwall.bias uwall.force2 lwall.bias lwall.force2 uwallcn.bias uwallcn.force2 lwallcn.bias lwallcn.force2 coord.morethan spherecoord.morethan diff1 uwall2.bias uwall2.force2 diff2 uwall3.bias uwall3.force2
 0.000000 4.192013 4.050987 3264.211408 65284228.159974 4503.125476 90062509.516823 0.136867 0.345390 0.000062 0.001892 0.482258 0.001954 7.586656 7.829209 0.000000 0.000000 0.000000 0.000000 0.000000 0.000000 199.975177 159980.141303 0.000000 0.000000 0.000000 0.000000 18.415536 0.392620 0.392558 0.000000 0.000000 18.022917 6436.719317 2574687.726820
 1.000000 4.733248 4.692894 355.784466 7115689.325270 471.571488 9431429.760431 0.087835 0.314177 0.002521 0.002731 0.402012 0.005251 7.704351 8.926345 0.000000 0.000000 1.855817 0.000000 0.000000 0.000000 198.993012 159194.409863 0.000000 0.000000 0.000000 0.000000 9.696831 0.421851 0.419330 0.000000 0.000000 9.274980 0.000000 0.000000
 2.000000 4.764820 4.720513 276.549212 5530984.240209 390.565323 7811306.459061 0.185454 0.387000 0.004639 0.006769 0.572454 0.011409 7.644371 8.443088 0.000000 -1.855817 2.986823 29.998141 0.000000 0.000000 198.148651 158518.921073 0.000000 0.000000 0.000000 0.000000 9.952272 0.352618 0.347979 0.000000 0.000000 9.599654 0.000000 0.000000
 3.000000 4.828564 4.798957 146.951306 2939026.120926 202.090526 4041810.516003 0.066605 0.393298 0.000953 0.002540 0.459903 0.003493 7.650443 8.568071 13.775932 10.789110 16.595975 59.996302 0.000000 0.000000 199.619051 159695.241159 0.000000 0.000000 0.000000 0.000000 10.216652 0.480238 0.479285 0.000000 0.000000 9.736413 0.000000 0.000000
 4.000000 4.844787 4.758972 120.455997 2409119.944250 290.472851 5809457.014031 0.054864 0.521882 0.002671 0.003032 0.576746 0.005703 7.607356 8.239076 3.865696 -12.730279 18.216128 87.232030 0.000000 0.000000 198.933058 159146.446505 0.000000 0.000000 0.000000 0.000000 10.134235 0.500107 0.497436 0.000000 0.000000 9.634128 0.000000 0.000000
 5.000000 4.921518 4.833147 30.797213 615944.253051 139.199854 2783997.074129 0.153551 0.298186 0.001601 0.002853 0.451736 0.004453 7.602245 8.085989 9.081245 -9.134883 18.906770 116.428086 0.000000 0.000000 199.360240 159488.192360 0.000000 0.000000 0.000000 0.000000 10.463309 0.506066 0.504465 0.000000 0.000000 9.957243 0.000000 0.000000
 6.000000 4.859446 4.760368 98.776734 1975534.683513 287.117962 5742359.246443 0.226165 0.312462 0.000660 0.001928 0.538627 0.002588 7.641328 7.879474 3.374359 -15.532411 19.109983 144.575307 0.000000 0.000000 199.736281 159789.024488 0.000000 0.000000 0.000000 0.000000 9.873694 0.512397 0.511737 0.000000 0.000000 9.361297 0.000000 0.000000
 7.000000 4.863790 4.892469 92.765235 1855304.707024 57.814665 1156293.301641 0.504198 0.399860 0.003109 0.000503 0.904057 0.003612 7.621059 8.127652 43.057689 23.947707 34.912854 173.872191 0.000000 0.000000 198.758477 159006.781538 0.000000 0.000000 0.000000 0.000000 7.873670 0.059884 0.056775 0.000000 0.000000 7.813786 0.000000 0.000000
 8.000000 4.865315 4.872464 90.700273 1814005.468912 81.327764 1626555.277091 0.131247 0.890345 0.000320 0.009166 1.021592 0.009486 7.603025 7.717145 7.853429 -27.059425 34.916767 196.053055 0.000000 0.000000 199.871883 159897.506252 0.000000 0.000000 0.000000 0.000000 10.121082 0.315196 0.314876 0.000000 0.000000 9.805886 0.000000 0.000000
 9.000000 4.971337 4.860260 4.107972 82159.444751 97.636724 1952734.476569 0.130535 0.216170 0.000133 0.000268 0.346705 0.000401 7.625984 8.000772 45.751770 10.835003 46.059328 224.444526 0.000000 0.000000 199.946848 159957.478038 0.000000 0.000000 0.000000 0.000000 9.346974 0.036803 0.036670 0.000000 0.000000 9.310171 0.000000 0.000000
 10.000000 4.933237 4.882082 22.286599 445731.980318 69.522783 1390455.654728 0.195323 0.139319 0.000786 0.001105 0.334641 0.001892 7.634193 7.595655 14.095957 -31.963371 46.059841 246.209380 0.000000 0.000000 199.685543 159748.434265 0.000000 0.000000 0.000000 0.000000 9.945985 0.100040 0.099254 0.000000 0.000000 9.845945 0.000000 0.000000
 11.000000 4.923003 4.928232 29.642546 592850.911146 25.753461 515069.222832 0.185728 0.738589 0.000600 0.000682 0.924317 0.001282 7.574737 7.398348 4.056561 -42.003279 46.059838 273.384986 0.000000 0.000000 199.759926 159807.940827 0.000000 0.000000 0.000000 0.000000 8.929846 0.232789 0.232189 0.000000 0.000000 8.697057 0.000000 0.000000
 12.000000 4.902954 4.830492 47.089843 941796.869308 143.665571 2873311.411166 0.058002 0.726144 0.000844 0.001016 0.784146 0.001861 7.608706 7.324636 22.912289 -23.147549 46.060693 302.541905 0.000000 0.000000 199.662432 159729.945671 0.000000 0.000000 0.000000 0.000000 10.387605 0.636571 0.635727 0.000000 0.000000 9.751034 0.000000 0.000000
 13.000000 4.927113 4.845139 26.562231 531244.614817 119.909646 2398192.915568 0.117972 1.550645 0.000311 0.046316 1.668617 0.046627 7.615012 7.213708 19.111823 -26.948870 46.084882 328.088331 0.000000 0.000000 199.875438 159900.350148 0.000000 0.000000 0.000000 0.000000 9.981090 0.530001 0.529689 0.000000 0.000000 9.451090 0.000000 0.000000
 14.000000 4.955261 4.869170 10.007932 200158.634657 85.581807 1711636.131516 0.133095 0.369035 0.003683 0.016547 0.502131 0.020230 7.619571 7.086690 13.443646 -32.641236 46.112712 354.323608 0.000000 0.000000 198.529673 158823.738248 0.000000 0.000000 0.000000 0.000000 10.307112 0.623471 0.619788 0.000000 0.000000 9.683642 0.000000 0.000000
 15.000000 4.898139 4.845233 51.878388 1037567.750253 119.763894 2395277.885990 0.271172 0.581325 0.001789 0.000179 0.852497 0.001968 7.586310 6.981938 17.625292 -28.487420 46.122746 381.623639 0.000000 0.000000 199.285064 159428.050919 0.000000 0.000000 0.000000 0.000000 9.205072 0.714306 0.712517 0.000000 0.000000 8.490766 0.000000 0.000000
 16.000000 4.943745 4.854523 15.823135 316462.709055 105.818231 2116364.622259 0.284899 0.513249 0.001579 0.001136 0.798148 0.002715 7.592613 7.641333 49.225858 3.103111 46.486101 408.134471 0.000000 0.000000 199.368822 159495.057990 0.000000 0.000000 0.000000 0.000000 10.415254 0.753954 0.752374 0.000000 0.000000 9.661300 0.000000 0.000000
 17.000000 5.025958 4.855042 3.369140 67382.809973 105.063889 2101277.777096 0.077244 0.555945 0.002162 0.000555 0.633189 0.002717 7.585884 7.515185 52.138660 5.652559 51.241905 429.375526 0.000000 0.000000 199.136141 159308.912524 0.000000 0.000000 0.000000 0.000000 9.632071 1.334734 1.332572 0.000000 0.000000 8.297337 0.000000 0.000000
 18.000000 5.026410 4.811847 3.487330 69746.604973 177.007666 3540153.323168 0.506974 1.058721 0.029995 0.004410 1.565695 0.034405 7.581959 7.564111 77.851388 26.609483 66.296531 450.186651 0.000000 0.000000 188.181960 150545.567617 0.000000 0.000000 0.000000 0.000000 10.614914 0.741293 0.711298 0.000000 0.000000 9.873621 0.000000 0.000000
 19.000000 5.064314 4.808567 20.681537 413630.739504 183.232667 3664653.336963 0.609804 0.478060 0.419625 0.000715 1.087864 0.420339 7.592449 7.199425 41.411643 -24.884888 66.312750 467.564584 0.000000 0.000000 67.367066 53893.652943 0.000000 0.000000 0.000000 0.000000 11.080951 1.048238 0.628613 0.000000 0.000000 10.032713 0.107014 42.805748
 20.000000 5.015186 4.917542 1.153044 23060.887380 33.996675 679933.492560 0.580714 0.385363 0.439494 0.000765 0.966077 0.440259 7.599351 7.376452 53.999062 -12.313687 68.890065 490.002497 0.000000 0.000000 62.833501 50266.800852 0.000000 0.000000 0.000000 0.000000 10.808288 1.038791 0.599297 0.000000 0.000000 9.769497 0.000000 0.000000
 21.000000 4.974710 5.010338 3.197942 63958.846172 0.534325 10686.499143 1.001077 0.567335 0.556573 0.002382 1.568412 0.558955 7.576457 7.868864 28.620212 -40.269853 69.160803 510.544427 0.000000 0.000000 39.325528 31460.422599 0.000000 0.000000 0.000000 0.000000 11.052577 1.149778 0.593205 0.000000 0.000000 9.902800 0.000000 0.000000
 22.000000 4.941195 5.035470 17.290361 345807.214876 6.290677 125813.534788 1.442863 0.420485 0.963885 0.103585 1.863348 1.067470 7.579377 7.556819 17.566004 -51.594799 73.936400 535.088785 0.000000 0.000000 0.260864 208.691247 0.000000 0.000000 0.000000 0.000000 10.569629 1.467652 0.503767 0.000000 0.000000 9.101977 0.000000 0.000000
 23.000000 4.977770 4.896756 2.470948 49418.959049 53.296234 1065924.674810 1.401678 0.490071 0.992790 0.008108 1.891748 1.000898 7.563091 7.711013 23.551077 -50.385323 76.158780 561.611516 0.000000 0.000000 0.010397 8.317623 0.000000 0.000000 0.000000 0.000000 10.684990 1.144330 0.151540 0.000000 0.000000 9.540661 0.000000 0.000000
 24.000000 4.946120 4.909911 14.515326 290306.521139 40.580221 811604.422285 2.001502 0.652346 1.155230 0.051187 2.653848 1.206417 7.553832 7.344703 17.099440 -59.059340 76.497997 587.042537 0.000000 0.000000 0.000000 0.000000 0.000000 0.000000 0.000000 0.000000 11.013454 1.839401 0.684170 0.000000 0.000000 9.174053 0.000000 0.000000
 25.000000 4.973709 4.930207 3.456181 69123.619715 24.355185 487103.690634 2.187016 0.492660 1.158506 0.090152 2.679676 1.248658 7.556084 7.109061 10.738366 -65.759631 76.509817 613.653809 0.000000 0.000000 0.000000 0.000000 0.000000 0.000000 0.000000 0.000000 12.764401 2.708692 1.550186 0.000000 0.000000 10.055708 0.310342 124.136660
 26.000000 4.932004 4.945368 23.117336 462346.715763 14.923032 298460.643614 1.736891 0.475208 1.049264 0.074762 2.212098 1.124026 7.566583 6.883661 4.398781 -72.111036 76.509601 641.478016 0.000000 0.000000 0.000000 0.000000 0.000000 0.000000 0.000000 0.000000 11.733416 1.911826 0.862562 0.000000 0.000000 9.821591 0.000000 0.000000
 27.000000 4.972574 4.936295 3.760951 75219.019494 20.291697 405833.935972 1.792631 1.708629 1.386789 0.028170 3.501260 1.414958 7.566448 7.081140 31.062587 -45.447014 76.511870 670.565035 0.000000 0.000000 0.000000 0.000000 0.000000 0.000000 0.000000 0.000000 11.963680 2.481664 1.094875 0.000000 0.000000 9.482016 0.000000 0.000000
 28.000000 4.985086 4.995057 1.112067 22241.330294 0.122188 2443.759930 1.810220 0.383049 1.468742 0.041218 2.193269 1.509961 7.555407 6.719426 5.310947 -71.200923 76.511644 694.692010 0.000000 0.000000 0.000000 0.000000 0.000000 0.000000 0.000000 0.000000 12.500932 3.038031 1.569289 0.000000 0.000000 9.462900 0.000000 0.000000
 29.000000 4.988676 4.918598 0.641127 12822.531740 33.131691 662633.828193 1.177292 0.183515 0.890956 0.062701 1.360807 0.953657 7.545915 6.682122 17.511464 -59.000180 76.511428 723.593928 0.000000 0.000000 2.378105 1902.484048 0.000000 0.000000 0.000000 0.000000 12.024946 2.468976 1.578020 0.000000 0.000000 9.555969 0.000000 0.000000
 30.000000 5.031695 4.970169 5.022733 100454.653755 4.449555 88991.098449 1.352677 0.425650 0.913698 0.014481 1.778326 0.928179 7.547027 6.925378 44.197442 -32.313986 76.511427 750.126927 0.000000 0.000000 1.489609 1191.687510 0.000000 0.000000 0.000000 0.000000 12.024598 2.536040 1.622342 0.000000 0.000000 9.488558 0.000000 0.000000
 31.000000 4.958142 4.964722 8.760307 175206.138752 6.222602 124452.047298 1.515803 0.582952 0.966977 0.002877 2.098754 0.969855 7.538378 6.476843 4.110914 -72.400513 76.511202 772.129975 0.000000 0.000000 0.218097 174.477747 0.000000 0.000000 0.000000 0.000000 11.040952 2.560701 1.593724 0.000000 0.000000 8.480251 0.000000 0.000000
 32.000000 4.977042 4.927017 2.635364 52707.284877 26.632348 532646.964008 1.155364 0.346166 0.795107 0.009078 1.501530 0.804185 7.544755 6.603576 38.033476 -38.477726 76.511007 801.277375 0.000000 0.000000 8.396265 6717.011731 0.000000 0.000000 0.000000 0.000000 10.585839 1.601331 0.806225 0.000000 0.000000 8.984508 0.000000 0.000000
 33.000000 4.958671 4.956299 8.540556 170811.114057 9.548837 190976.735157 1.945150 0.229999 1.657065 0.013038 2.175149 1.670102 7.582972 6.357543 5.776552 -70.734455 76.510779 824.253446 0.000000 0.000000 0.000000 0.000000 0.000000 0.000000 0.000000 0.000000 12.035074 3.013516 1.356452 0.000000 0.000000 9.021558 0.000000 0.000000
 34.000000 4.987379 4.897282 0.796428 15928.562861 52.755270 1055105.403893 1.423292 0.113943 1.181312 0.008490 1.537235 1.189801 7.566771 6.225653 8.812785 -67.697994 76.510554 853.065237 0.000000 0.000000 0.000000 0.000000 0.000000 0.000000 0.000000 0.000000 12.664029 3.028079 1.846767 0.000000 0.000000 9.635950 0.000000 0.000000
 35.000000 4.913416 5.055587 37.483570 749671.396105 15.449636 308992.728449 2.648640 0.699391 2.169954 0.322989 3.348030 2.492943 7.593183 6.601600 8.259526 -68.251028 76.510326 881.262783 0.000000 0.000000 0.000000 0.000000 0.000000 0.000000 0.000000 0.000000 11.674796 3.458712 1.288758 0.000000 0.000000 8.216084 0.000000 0.000000
 36.000000 4.940974 4.942967 17.420309 348406.178293 16.263572 325271.445875 2.627121 0.713842 2.323767 0.446420 3.340964 2.770187 7.572321 6.428516 16.291942 -60.218383 76.510097 909.575266 0.000000 0.000000 0.000000 0.000000 0.000000 0.000000 0.000000 0.000000 12.975485 3.959075 1.635308 0.000000 0.000000 9.016410 0.000000 0.000000
 37.000000 4.972332 4.950738 3.827718 76554.352461 12.133639 242672.785084 2.209879 0.515405 1.844783 0.067446 2.725284 1.912229 7.559638 6.870410 22.214575 -54.295522 76.509958 936.332820 0.000000 0.000000 0.000000 0.000000 0.000000 0.000000 0.000000 0.000000 13.662145 3.512097 1.667314 0.000000 0.000000 10.150048 2.251441 900.576263
 38.000000 4.884653 4.932161 66.524424 1330488.476811 23.010985 460219.707297 3.268530 0.613172 3.065896 0.363013 3.881702 3.428908 7.574509 6.774687 2.246229 -74.263729 76.509726 962.004213 0.000000 0.000000 0.000000 0.000000 0.000000 0.000000 0.000000 0.000000 12.369038 3.888009 0.822113 0.000000 0.000000 8.481029 0.000000 0.000000
 39.000000 4.987157 4.954655 0.824691 16493.827097 10.281042 205620.844757 3.661361 1.074916 3.444367 0.669268 4.736277 4.113635 7.586081 7.059255 0.392707 -76.117019 76.509499 991.534030 0.000000 0.000000 0.000000 0.000000 0.000000 0.000000 0.000000 0.000000 12.166702 3.077184 -0.367183 0.000000 0.000000 9.089518 0.000000 0.000000
 40.000000 4.903187 4.874095 46.863469 937269.375209 79.260584 1585211.672576 2.693641 0.577150 2.276488 0.201398 3.270790 2.477886 7.591617 7.114356 9.889017 -66.620483 76.509285 1021.449990 0.000000 0.000000 0.000000 0.000000 0.000000 0.000000 0.000000 0.000000 11.697894 2.837040 0.560552 0.000000 0.000000 8.860854 0.000000 0.000000
 41.000000 4.962549 5.016824 7.012839 140256.777810 1.415239 28304.771844 3.281518 0.969527 2.486234 0.353673 4.251045 2.839907 7.595646 7.306514 5.272278 -71.237008 76.509053 1049.440274 0.000000 0.000000 0.000000 0.000000 0.000000 0.000000 0.000000 0.000000 11.927181 2.779059 0.292825 0.000000 0.000000 9.148122 0.000000 0.000000
 42.000000 4.961826 5.004890 7.286167 145723.331805 0.119554 2391.072807 2.801828 0.912976 2.180421 0.316696 3.714804 2.497117 7.601875 6.995855 33.366936 -43.142116 76.509000 1078.349096 0.000000 0.000000 0.000000 0.000000 0.000000 0.000000 0.000000 0.000000 12.729613 3.569262 1.388841 0.000000 0.000000 9.160352 0.000000 0.000000
 43.000000 4.977045 5.043713 2.634563 52691.252280 9.553963 191079.253256 3.488213 0.866889 2.695248 0.350749 4.355101 3.045996 7.594307 7.176475 36.043412 -40.465588 76.508808 1102.089372 0.000000 0.000000 0.000000 0.000000 0.000000 0.000000 0.000000 0.000000 12.418055 3.111470 0.416222 0.000000 0.000000 9.306585 0.000000 0.000000
 44.000000 4.973976 5.012895 3.386228 67724.560678 0.831435 16628.705966 3.510503 0.878681 2.848492 0.261955 4.389184 3.110447 7.641881 7.440719 9.796601 -66.712207 76.508581 1125.386306 0.000000 0.000000 0.000000 0.000000 0.000000 0.000000 0.000000 0.000000 11.931238 3.161286 0.312794 0.000000 0.000000 8.769951 0.000000 0.000000
 45.000000 4.930439 4.982856 24.193739 483874.785289 1.469560 29391.208730 4.178753 0.822475 3.491012 0.350200 5.001229 3.841212 7.631795 7.244594 16.166266 -60.342315 76.508355 1153.394941 0.000000 0.000000 0.000000 0.000000 0.000000 0.000000 0.000000 0.000000 13.316005 4.223693 0.732680 0.000000 0.000000 9.092312 0.000000 0.000000
 46.000000 5.035169 4.960467 6.184142 123682.841477 7.814424 156288.483617 2.722799 0.771533 2.546888 0.377337 3.494332 2.924225 7.648907 7.630649 4.278237 -72.230118 76.508124 1180.174093 0.000000 0.000000 0.000000 0.000000 0.000000 0.000000 0.000000 0.000000 12.088450 2.908751 0.361862 0.000000 0.000000 9.179700 0.000000 0.000000
 47.000000 5.033952 5.017030 5.763738 115274.758430 1.450082 29001.631128 2.329409 0.655603 2.041844 0.511155 2.985012 2.552999 7.619174 7.466781 22.052784 -54.455340 76.508879 1209.287396 0.000000 0.000000 0.000000 0.000000 0.000000 0.000000 0.000000 0.000000 12.504117 2.490017 0.448173 0.000000 0.000000 10.014100 0.019882 7.952647
 48.000000 5.032588 4.980169 5.309883 106197.669031 1.966324 39326.474676 1.765009 0.753121 1.647749 0.295758 2.518129 1.943507 7.602106 7.253266 39.053415 -37.455464 76.519815 1234.988413 0.000000 0.000000 0.000000 0.000000 0.000000 0.000000 0.000000 0.000000 12.755726 2.685789 1.038040 0.000000 0.000000 10.069937 0.489120 195.647880
 49.000000 5.107338 4.917608 57.607106 1152142.124795 33.942570 678851.407268 1.584319 0.295376 1.474578 0.118585 1.879695 1.593163 7.599939 7.451335 43.740609 -32.779206 76.816269 1257.799815 0.000000 0.000000 0.000000 0.000000 0.000000 0.000000 0.000000 0.000000 12.319826 3.351544 1.876966 0.000000 0.000000 8.968281 0.000000 0.000000
 50.000000 4.986023 4.957676 0.976754 19535.076574 8.956623 179132.457076 2.035806 0.653421 1.912541 0.565157 2.689227 2.477698 7.603493 7.639090 28.778769 -48.037500 76.832973 1279.871559 0.000000 0.000000 0.000000 0.000000 0.000000 0.000000 0.000000 0.000000 11.864280 2.694918 0.782376 0.000000 0.000000 9.169362 0.000000 0.000000
 51.000000 5.061743 4.961354 19.061085 381221.694546 7.467465 149349.295534 1.798041 0.562478 1.740381 0.410127 2.360520 2.150508 7.615174 7.758583 24.616821 -52.216152 76.851669 1304.387443 0.000000 0.000000 0.000000 0.000000 0.000000 0.000000 0.000000 0.000000 12.397082 3.281826 1.541445 0.000000 0.000000 9.115256 0.000000 0.000000
 52.000000 5.038693 4.876503 7.485856 149717.129879 76.257420 1525148.399244 1.636888 0.241281 1.561403 0.172818 1.878168 1.734221 7.599210 8.003204 3.205130 -73.646539 76.851451 1329.629735 0.000000 0.000000 0.000000 0.000000 0.000000 0.000000 0.000000 0.000000 12.615621 2.546771 0.985368 0.000000 0.000000 10.068849 0.474020 189.607865
 53.000000 4.935425 4.961596 20.849572 416991.436664 7.374381 147487.615531 2.252274 0.546541 2.098901 0.432456 2.798816 2.531357 7.613029 7.883053 19.676827 -57.174624 76.851226 1358.962391 0.000000 0.000000 0.000000 0.000000 0.000000 0.000000 0.000000 0.000000 12.740538 3.069375 0.970474 0.000000 0.000000 9.671163 0.000000 0.000000
 54.000000 4.996127 4.907230 0.075005 1500.090298 43.031262 860625.242531 1.342569 0.535347 1.195685 0.312766 1.877916 1.508450 7.605223 7.915899 40.190818 -36.660408 76.856611 1385.093385 0.000000 0.000000 0.000000 0.000000 0.000000 0.000000 0.000000 0.000000 12.384268 2.292913 1.097228 0.000000 0.000000 10.091355 0.834580 333.832086
 55.000000 5.059305 4.970078 17.585543 351710.853539 4.476774 89535.477146 1.793717 0.864819 1.479428 0.634907 2.658536 2.114335 7.583269 7.650451 64.004930 -12.851681 77.246212 1407.724532 0.000000 0.000000 0.000000 0.000000 0.000000 0.000000 0.000000 0.000000 12.493815 2.521747 1.042319 0.000000 0.000000 9.972068 0.000000 0.000000
 56.000000 4.984668 4.935338 1.175403 23508.058687 20.905863 418117.251431 1.426999 0.531910 1.380061 0.328531 1.958909 1.708592 7.597145 7.388956 70.134862 -7.111350 77.500327 1426.874732 0.000000 0.000000 0.000000 0.000000 0.000000 0.000000 0.000000 0.000000 11.669237 2.224161 0.844100 0.000000 0.000000 9.445075 0.000000 0.000000
 57.000000 5.005429 4.905645 0.147360 2947.193376 44.513969 890279.370763 2.343828 0.973164 2.172634 0.584224 3.316992 2.756858 7.601716 7.402256 70.840334 -6.659993 77.644433 1445.217603 0.000000 0.000000 0.000000 0.000000 0.000000 0.000000 0.000000 0.000000 10.077429 2.121229 -0.051405 0.000000 0.000000 7.956200 0.000000 0.000000
 58.000000 4.992912 4.933498 0.251228 5024.567660 22.112297 442245.948520 1.864495 1.168360 1.438036 0.519299 3.032854 1.957335 7.591852 7.583331 82.584608 4.940175 79.101078 1463.470746 0.000000 0.000000 0.000000 0.000000 0.000000 0.000000 0.000000 0.000000 12.181496 3.282928 1.844891 0.000000 0.000000 8.898568 0.000000 0.000000
 59.000000 4.941780 4.940388 16.947764 338955.286884 17.767814 355356.289867 1.497316 1.396646 1.027769 0.115428 2.893962 1.143197 7.567694 7.203242 70.556901 -8.544178 79.426423 1480.281242 0.000000 0.000000 0.000000 0.000000 0.000000 0.000000 0.000000 0.000000 12.639493 2.877624 1.849855 0.000000 0.000000 9.761869 0.000000 0.000000
 60.000000 5.020637 4.856598 2.129361 42587.227987 102.820925 2056418.508918 1.221544 0.509794 0.957102 0.312312 1.731338 1.269415 7.581864 7.688797 81.656511 2.230088 83.242007 1498.570902 0.000000 0.000000 0.368044 294.435400 0.000000 0.000000 0.000000 0.000000 11.689542 2.489031 1.531929 0.000000 0.000000 9.200511 0.000000 0.000000
 61.000000 4.958125 4.932646 8.767416 175348.310084 22.683078 453661.561821 1.805746 0.766470 1.255658 0.342749 2.572216 1.598407 7.567068 8.103373 23.061130 -60.180878 83.241802 1515.490849 0.000000 0.000000 0.000000 0.000000 0.000000 0.000000 0.000000 0.000000 11.025454 2.549264 1.293606 0.000000 0.000000 8.476190 0.000000 0.000000
 62.000000 4.992521 4.958807 0.279661 5593.222304 8.484398 169687.954945 2.035544 0.801048 1.648481 0.430616 2.836592 2.079097 7.573633 7.851118 68.658922 -14.582880 84.173799 1541.007414 0.000000 0.000000 0.000000 0.000000 0.000000 0.000000 0.000000 0.000000 12.434695 2.845791 1.197310 0.000000 0.000000 9.588904 0.000000 0.000000
 63.000000 4.955063 4.957907 10.096710 201934.199980 8.859083 177181.659827 2.901287 0.965469 2.501241 0.709575 3.866756 3.210817 7.539785 7.832739 34.988030 -49.185769 84.469191 1559.541851 0.000000 0.000000 0.000000 0.000000 0.000000 0.000000 0.000000 0.000000 12.868968 3.105091 0.603850 0.000000 0.000000 9.763877 0.000000 0.000000
 64.000000 4.900144 4.955654 49.856355 997127.094728 9.832813 196656.268793 2.977957 1.729551 2.697815 1.178764 4.707508 3.876578 7.557005 7.747961 44.854540 -39.614651 84.938277 1583.015375 0.000000 0.000000 0.000000 0.000000 0.000000 0.000000 0.000000 0.000000 12.133829 3.548010 0.850196 0.000000 0.000000 8.585818 0.000000 0.000000
 65.000000 4.907192 4.986388 43.066510 861330.192280 0.926378 18527.555374 3.203847 1.956013 2.742634 1.366669 5.159860 4.109303 7.559086 7.562061 55.448379 -29.489899 85.469510 1604.916649 0.000000 0.000000 0.000000 0.000000 0.000000 0.000000 0.000000 0.000000 13.657707 3.552627 0.809993 0.000000 0.000000 10.105080 1.104183 441.673053
 66.000000 5.001111 4.954403 0.006171 123.421650 10.395359 207907.176536 3.012391 1.154227 2.576532 0.812014 4.166617 3.388546 7.549592 7.506356 84.464123 -1.005387 86.792200 1625.251581 0.000000 0.000000 0.000000 0.000000 0.000000 0.000000 0.000000 0.000000 14.217854 4.252542 1.676011 0.000000 0.000000 9.965311 0.000000 0.000000
 67.000000 4.943698 4.997229 15.849326 316986.515640 0.038382 767.649891 2.497452 1.409616 2.088863 1.067410 3.907068 3.156273 7.531722 7.324395 86.793575 0.001375 89.356048 1641.841200 0.000000 0.000000 0.000000 0.000000 0.000000 0.000000 0.000000 0.000000 13.574982 3.581965 1.493102 0.000000 0.000000 9.993017 0.000000 0.000000
 68.000000 4.995535 4.927685 0.099697 1993.946612 26.147152 522943.049128 2.243167 0.909701 2.065710 0.526501 3.152868 2.592211 7.544088 7.290604 96.636927 7.280879 95.217292 1658.162886 0.000000 0.000000 0.000000 0.000000 0.000000 0.000000 0.000000 0.000000 13.281565 3.457645 1.391935 0.000000 0.000000 9.823920 0.000000 0.000000
 69.000000 4.999373 5.019677 0.001963 39.269563 1.936011 38720.228299 1.099086 0.620313 0.894390 0.283980 1.719398 1.178370 7.555491 7.243587 90.352709 -4.864583 96.007667 1673.396084 0.000000 0.000000 2.230694 1784.554976 0.000000 0.000000 0.000000 0.000000 12.723079 3.073396 2.179006 3.204313 1281.725359 9.649683 0.000000 0.000000
 70.000000 4.959643 5.006500 8.143297 162865.941328 0.211257 4225.131584 1.529862 0.679523 1.094319 0.205990 2.209384 1.300309 7.592994 7.507232 95.253862 -0.753805 98.589739 1689.313195 0.000000 0.000000 0.000000 0.000000 0.000000 0.000000 0.000000 0.000000 11.626849 3.153037 2.058718 0.344785 137.914134 8.473811 0.000000 0.000000
 71.000000 4.968586 5.039548 4.934144 98682.870610 7.820114 156402.277936 1.672342 1.400281 0.951329 0.413358 3.072623 1.364687 7.567253 7.464992 104.536963 5.947224 103.162218 1704.694529 0.000000 0.000000 0.473782 379.025213 0.000000 0.000000 0.000000 0.000000 12.375190 2.546075 1.594746 0.000000 0.000000 9.829115 0.000000 0.000000
 72.000000 4.966577 4.954857 5.585374 111707.470930 10.189581 203791.616898 1.391092 0.938321 0.914719 0.216645 2.329412 1.131364 7.544894 7.080946 84.549020 -18.613198 103.210648 1719.106400 0.000000 0.000000 1.454573 1163.658158 0.000000 0.000000 0.000000 0.000000 12.169136 2.577742 1.663023 0.000000 0.000000 9.591394 0.000000 0.000000
 73.000000 4.870892 5.026578 83.344771 1666895.424902 3.531824 70636.477598 1.322827 0.806559 0.966082 0.462762 2.129385 1.428844 7.560941 7.042874 94.495651 -8.714996 103.325513 1735.687200 0.000000 0.000000 0.230085 184.068330 0.000000 0.000000 0.000000 0.000000 12.424812 2.474206 1.508124 0.000000 0.000000 9.950606 0.000000 0.000000
 74.000000 4.999801 5.013780 0.000198 3.957438 0.949487 18989.740361 1.717292 0.638028 1.215970 0.350379 2.355320 1.566349 7.534312 6.850848 76.047271 -27.278242 103.340530 1751.150611 0.000000 0.000000 0.000000 0.000000 0.000000 0.000000 0.000000 0.000000 12.708423 3.154100 1.938130 0.000000 0.000000 9.554323 0.000000 0.000000
 75.000000 5.026852 4.960531 3.605055 72101.100293 7.789025 155780.495333 2.588722 1.616264 2.311912 0.527345 4.204986 2.839258 7.529469 6.858654 40.951289 -62.389241 103.341500 1768.749066 0.000000 0.000000 0.000000 0.000000 0.000000 0.000000 0.000000 0.000000 13.510027 4.066669 1.754757 0.000000 0.000000 9.443358 0.000000 0.000000
 76.000000 5.062933 4.904185 19.802992 396059.838484 45.902400 918047.998071 2.990086 1.301485 2.762132 0.722174 4.291571 3.484306 7.508339 6.922111 42.792638 -60.548862 103.341445 1791.255116 0.000000 0.000000 0.000000 0.000000 0.000000 0.000000 0.000000 0.000000 13.898685 4.266344 1.504213 0.000000 0.000000 9.632340 0.000000 0.000000
 77.000000 5.022276 4.901234 2.480996 49619.929667 48.774057 975481.134065 2.822618 1.867178 2.638753 0.474379 4.689796 3.113132 7.577411 7.059900 68.729603 -34.611842 103.356090 1813.476302 0.000000 0.000000 0.000000 0.000000 0.000000 0.000000 0.000000 0.000000 13.159714 3.830220 1.191467 0.000000 0.000000 9.329495 0.000000 0.000000
 78.000000 5.004335 4.902566 0.093941 1878.826789 47.467346 949346.924283 2.503971 1.335177 2.353665 0.295088 3.839147 2.648754 7.528573 6.747370 50.867834 -52.488257 103.355904 1832.001904 0.000000 0.000000 0.000000 0.000000 0.000000 0.000000 0.000000 0.000000 12.804819 4.436463 2.082798 0.685545 274.217969 8.368356 0.000000 0.000000
 79.000000 5.025509 4.935356 3.253632 65072.644932 20.894334 417886.679886 3.708976 1.665877 2.993651 0.739366 5.374852 3.733016 7.531667 6.795603 57.732780 -45.623123 103.355717 1852.999360 0.000000 0.000000 0.000000 0.000000 0.000000 0.000000 0.000000 0.000000 13.480006 4.196297 1.202646 0.000000 0.000000 9.283710 0.000000 0.000000
 80.000000 5.038463 5.007264 7.396868 147937.367059 0.263833 5276.663693 2.023449 0.866076 1.788189 0.155601 2.889524 1.943790 7.559086 6.599958 53.989094 -49.366623 103.355507 1873.010392 0.000000 0.000000 0.000000 0.000000 0.000000 0.000000 0.000000 0.000000 12.931843 3.373777 1.585588 0.000000 0.000000 9.558066 0.000000 0.000000
 81.000000 5.069879 4.998696 24.415349 488306.975641 0.008504 170.071300 1.493608 0.608207 0.932618 0.047588 2.101816 0.980206 7.575281 6.693418 75.540596 -27.814911 103.355590 1893.554423 0.000000 0.000000 0.908061 726.448733 0.000000 0.000000 0.000000 0.000000 12.049114 2.500708 1.568089 0.000000 0.000000 9.548407 0.000000 0.000000
 82.000000 4.996945 4.961143 0.046657 933.146491 7.549445 150988.896350 1.356367 0.376512 0.912166 0.028923 1.732879 0.941089 7.571785 6.947268 98.805525 -4.550065 103.691910 1911.216153 0.000000 0.000000 1.542966 1234.372982 0.000000 0.000000 0.000000 0.000000 12.533159 2.772033 1.859867 0.000000 0.000000 9.761126 0.000000 0.000000
 83.000000 4.892390 4.976753 57.899627 1157992.533167 2.702026 54040.518958 1.532542 1.034319 0.740601 0.015786 2.566860 0.756387 7.587699 6.814881 80.807926 -22.883984 103.970086 1926.217324 0.000000 0.000000 13.457590 10766.072075 0.000000 0.000000 0.000000 0.000000 11.280509 2.756070 2.015469 0.023929 9.571615 8.524439 0.000000 0.000000
 84.000000 4.989512 4.949890 0.549997 10999.930490 12.554913 251098.266267 2.671250 0.601889 0.932962 0.015731 3.273140 0.948694 7.569489 6.527241 65.162554 -38.807532 103.973723 1943.238582 0.000000 0.000000 0.898808 719.046162 0.000000 0.000000 0.000000 0.000000 11.838854 3.034090 2.101128 1.022683 409.073351 8.804764 0.000000 0.000000
 85.000000 5.023578 4.969743 2.779676 55593.522832 4.577289 91545.783141 1.538938 0.807180 0.728579 0.012484 2.346118 0.741063 7.536427 6.344990 29.589736 -74.383986 103.973537 1962.231737 0.000000 0.000000 14.733825 11787.060068 0.000000 0.000000 0.000000 0.000000 12.554475 2.831013 2.102433 1.049256 419.702466 9.723463 0.000000 0.000000
 86.000000 4.955375 4.960658 9.956929 199138.589412 7.738848 154776.969293 2.153905 0.571502 1.325555 0.030775 2.725407 1.356330 7.538874 6.452281 73.199647 -30.773890 103.974458 1986.610737 0.000000 0.000000 0.000000 0.000000 0.000000 0.000000 0.000000 0.000000 12.881900 2.771908 1.446352 0.000000 0.000000 10.109992 1.209834 483.933571
 87.000000 4.951183 4.985852 11.915600 238311.992794 1.000780 20015.593837 1.510927 0.357136 0.835156 0.016191 1.868063 0.851347 7.561045 6.715571 101.222682 -2.751777 104.563376 2004.565353 0.000000 0.000000 5.434724 4347.779240 0.000000 0.000000 0.000000 0.000000 12.389734 2.357252 1.522097 0.000000 0.000000 10.032482 0.105509 42.203600
 88.000000 4.926144 4.961629 27.273455 545469.106319 7.361658 147233.150965 2.351578 0.602176 1.698898 0.059497 2.953754 1.758395 7.552800 6.902246 100.982772 -3.580605 107.593160 2019.316234 0.000000 0.000000 0.000000 0.000000 0.000000 0.000000 0.000000 0.000000 12.411526 2.610293 0.911396 0.000000 0.000000 9.801232 0.000000 0.000000
 89.000000 4.942653 4.925984 16.443480 328869.605129 27.391527 547830.541381 1.793790 1.013642 1.534277 0.102914 2.807431 1.637191 7.545282 7.003341 111.915590 4.322429 113.375384 2034.091971 0.000000 0.000000 0.000000 0.000000 0.000000 0.000000 0.000000 0.000000 11.577262 2.019854 0.485577 0.000000 0.000000 9.557408 0.000000 0.000000
 90.000000 4.927353 4.982867 26.387590 527751.807443 1.467672 29353.435111 2.188501 1.442577 1.571762 0.033734 3.631077 1.605496 7.552074 7.159702 109.035908 -4.339476 115.797841 2047.776738 0.000000 0.000000 0.000000 0.000000 0.000000 0.000000 0.000000 0.000000 12.340096 2.352267 0.780505 0.000000 0.000000 9.987829 0.000000 0.000000
 91.000000 4.997126 4.972756 0.041288 825.753525 3.711296 74225.916964 2.330418 1.380832 1.497390 0.023786 3.711251 1.521176 7.527242 7.312999 122.869995 7.072153 116.874014 2061.740188 0.000000 0.000000 0.000000 0.000000 0.000000 0.000000 0.000000 0.000000 13.274063 3.360855 1.863465 0.000000 0.000000 9.913209 0.000000 0.000000
 92.000000 4.938044 4.901304 19.192599 383851.988983 48.704876 974097.525261 2.102697 0.794944 1.348200 0.016410 2.897641 1.364610 7.552456 7.078099 138.227253 21.353239 125.002045 2074.412406 0.000000 0.000000 0.000000 0.000000 0.000000 0.000000 0.000000 0.000000 13.009898 2.926132 1.577932 0.000000 0.000000 10.083766 0.701681 280.672245
 93.000000 4.926928 5.072971 26.697669 533953.377672 26.623744 532474.873249 1.517565 1.229775 0.916229 0.298653 2.747341 1.214882 7.551432 7.385839 120.766296 -4.235749 125.419047 2085.791695 0.000000 0.000000 1.403505 1122.804184 0.000000 0.000000 0.000000 0.000000 12.759423 2.878497 1.962268 0.000000 0.000000 9.880925 0.000000 0.000000
 94.000000 4.926663 4.969920 26.891590 537831.795113 4.524029 90480.587980 1.472758 1.591235 0.894230 0.777958 3.063993 1.672189 7.539747 7.250804 130.024888 4.605841 128.739231 2098.652507 0.000000 0.000000 2.237451 1789.960829 0.000000 0.000000 0.000000 0.000000 12.712894 2.656686 1.762455 0.000000 0.000000 10.056208 0.315937 126.374950
 95.000000 5.011042 4.967143 0.609678 12193.560269 5.397939 107958.785423 1.467261 1.640992 0.934547 0.666644 3.108253 1.601191 7.571442 7.512057 126.022848 -2.716383 129.510618 2110.704411 0.000000 0.000000 0.856831 685.465175 0.000000 0.000000 0.000000 0.000000 11.948178 2.032894 1.098347 0.000000 0.000000 9.915284 0.000000 0.000000
 96.000000 4.900518 4.920123 49.483302 989666.037822 31.901749 638034.970172 1.520236 1.794253 0.899828 0.773469 3.314488 1.673297 7.567160 7.780507 85.591609 -43.919008 129.516220 2123.099144 0.000000 0.000000 2.006897 1605.517398 0.000000 0.000000 0.000000 0.000000 11.127080 1.135015 0.235187 0.000000 0.000000 9.992065 0.000000 0.000000
 97.000000 4.935983 4.964041 20.491016 409820.329760 6.465135 129302.705711 1.721628 1.725533 0.806396 0.573864 3.447161 1.380259 7.575088 7.860519 87.382373 -42.133847 129.516287 2139.556473 0.000000 0.000000 7.496518 5997.214075 0.000000 0.000000 0.000000 0.000000 11.304429 1.487643 0.681247 0.000000 0.000000 9.816786 0.000000 0.000000
 98.000000 4.982339 4.962672 1.559553 31191.061522 6.966720 139334.401502 1.530977 1.730536 0.970731 0.716964 3.261512 1.687695 7.559010 7.646708 125.500098 -4.016189 129.800344 2155.810903 0.000000 0.000000 0.171335 137.068277 0.000000 0.000000 0.000000 0.000000 11.802521 2.525204 1.554473 0.000000 0.000000 9.277317 0.000000 0.000000
 99.000000 4.956122 4.915501 9.626515 192530.309289 35.700550 714010.992034 1.945238 0.851945 0.888255 0.116230 2.797183 1.004485 7.552267 7.815556 113.406342 -16.394002 129.829611 2168.252650 0.000000 0.000000 2.497408 1997.926358 0.000000 0.000000 0.000000 0.000000 11.519041 1.488012 0.599757 0.000000 0.000000 10.031029 0.096278 38.511043
 100.000000 4.960174 4.927592 7.930644 158612.883575 26.214316 524286.311220 1.427315 0.687010 0.779492 0.017505 2.114325 0.796997 7.593431 8.064183 56.722674 -73.106937 129.829475 2181.794078 0.000000 0.000000 9.724761 7779.808675 0.000000 0.000000 0.000000 0.000000 12.003118 2.010314 1.230822 0.000000 0.000000 9.992804 0.000000 0.000000
 101.000000 5.033938 4.920797 5.758780 115175.608684 31.365564 627311.272508 1.901881 1.616316 0.867972 0.155310 3.518197 1.023281 7.571879 7.933417 102.785744 -27.043731 129.835371 2201.947842 0.000000 0.000000 3.486301 2789.040532 0.000000 0.000000 0.000000 0.000000 11.294815 1.383777 0.515805 0.000000 0.000000 9.911038 0.000000 0.000000
 102.000000 5.057055 4.945206 16.276556 325531.128396 15.011770 300235.401567 2.330906 1.384749 0.973263 0.034389 3.715655 1.007652 7.603438 8.187468 37.970091 -91.865280 129.835154 2216.536808 0.000000 0.000000 0.142974 114.379153 0.000000 0.000000 0.000000 0.000000 11.290644 1.929791 0.956528 0.000000 0.000000 9.360853 0.000000 0.000000
 103.000000 4.989821 4.875465 0.518095 10361.901399 77.544316 1550886.315100 2.737719 0.724738 0.940666 0.004887 3.462458 0.945553 7.589786 8.151413 73.454102 -56.381052 129.835003 2239.524929 0.000000 0.000000 0.704099 563.279467 0.000000 0.000000 0.000000 0.000000 11.045818 1.169568 0.228902 0.000000 0.000000 9.876250 0.000000 0.000000
 104.000000 5.059998 4.962560 17.998701 359974.011486 7.008736 140174.714152 1.660018 0.685176 0.871224 0.002222 2.345194 0.873446 7.593500 8.325461 24.061523 -105.773480 129.834772 2257.446478 0.000000 0.000000 3.316667 2653.333543 0.000000 0.000000 0.000000 0.000000 10.664404 0.958811 0.087588 0.000000 0.000000 9.705593 0.000000 0.000000
 105.000000 5.008088 4.914843 0.327099 6541.983271 36.258315 725166.302176 1.892281 0.463980 0.786826 0.002215 2.356261 0.789041 7.586565 7.792977 133.505324 3.670553 130.072832 2282.785056 0.000000 0.000000 9.088670 7270.936009 0.000000 0.000000 0.000000 0.000000 11.070821 1.030235 0.243410 0.000000 0.000000 10.040586 0.164724 65.889689
 106.000000 4.969087 4.909538 4.778009 95560.178630 40.917164 818343.274833 2.467811 0.319546 0.700023 0.031136 2.787357 0.731158 7.544717 7.964565 114.220471 -15.852362 130.304168 2294.546701 0.000000 0.000000 17.997297 14397.837886 0.000000 0.000000 0.000000 0.000000 11.185640 1.102071 0.402048 0.000000 0.000000 10.083569 0.698381 279.352548
 107.000000 5.050384 4.955320 12.692648 253852.955402 9.981469 199629.378060 1.916026 0.448624 0.929181 0.143046 2.364650 1.072227 7.563364 8.355312 40.356882 -89.947286 130.303952 2308.011168 0.000000 0.000000 1.003065 802.451970 0.000000 0.000000 0.000000 0.000000 9.297030 1.237244 0.308063 0.000000 0.000000 8.059785 0.000000 0.000000
 108.000000 4.985901 4.906849 0.993931 19878.626249 43.385830 867716.599105 1.304677 0.809885 0.919292 0.064717 2.114562 0.984008 7.588097 8.222734 87.999755 -42.304197 130.304155 2330.614755 0.000000 0.000000 1.302767 1042.213848 0.000000 0.000000 0.000000 0.000000 10.698513 1.312325 0.393033 0.000000 0.000000 9.386188 0.000000 0.000000
 109.000000 4.995839 4.979458 0.086550 1731.001271 2.109902 42198.043285 1.144571 0.593453 0.960207 0.089192 1.738024 1.049399 7.554770 8.543829 13.329985 -116.974170 130.303925 2346.798848 0.000000 0.000000 0.316701 253.360741 0.000000 0.000000 0.000000 0.000000 9.307997 0.725319 -0.234888 0.000000 0.000000 8.582678 0.000000 0.000000
 110.000000 4.985122 4.917930 1.106820 22136.396493 33.677824 673556.482920 1.165695 0.600215 0.986853 0.013143 1.765910 0.999996 7.560485 8.397091 62.380341 -67.923584 130.303720 2374.120843 0.000000 0.000000 0.034569 27.655554 0.000000 0.000000 0.000000 0.000000 10.341318 0.534728 -0.452125 0.000000 0.000000 9.806590 0.000000 0.000000
 111.000000 4.979749 4.951163 2.050512 41010.237521 11.925095 238501.893937 1.114413 1.527876 0.916544 0.001251 2.642289 0.917795 7.545178 8.481958 63.420702 -66.883018 130.303521 2393.491229 0.000000 0.000000 1.392988 1114.390172 0.000000 0.000000 0.000000 0.000000 9.630057 0.596403 -0.320141 0.000000 0.000000 9.033654 0.000000 0.000000
