#! FIELDS time spherena.morethan spherecn.mean sigma_spherena.morethan sigma_spherecn.mean height biasf
#! SET multivariate false
#! SET kerneltype gaussian
                      1   0.002520646007560894      8.926344640451742                    0.5                    0.1      30.61224489795918                     50
                      2   0.004639132421137735      8.443088337765959                    0.5                    0.1      30.61224489795918                     50
                      3  0.0009528253164362004      8.568071406628246                    0.5                    0.1      27.79316000324084                     50
                      4   0.002670921583682937      8.239076446555917                    0.5                    0.1      29.79349542632052                     50
                      5   0.001600679962052612      8.085989111042158                    0.5                    0.1      28.72344321283853                     50
                      6  0.0006595159552239923      7.879474157554635                    0.5                    0.1      29.89633279198695                     50
                      7   0.003108639514390009      8.127652415661903                    0.5                    0.1      22.63365571577496                     50
                      8   0.000320344272698606      7.717144955516674                    0.5                    0.1      28.97183812159033                     50
                      9  0.0001328899595908192      8.000771826417637                    0.5                    0.1      22.21004126328443                     50
                     10  0.0007864521751075902      7.595655252716539                    0.5                    0.1      27.73085310195942                     50
                     11  0.0006003651348837438      7.398348441120915                    0.5                    0.1      29.75364257100287                     50
                     12  0.0008442761780696039      7.324636383468835                    0.5                    0.1      26.06822109393301                     50
                     13  0.0003114542890308863      7.213707622823192                    0.5                    0.1      26.77234701672399                     50
                     14   0.003682598742720724      7.086690073015489                    0.5                    0.1      27.85800225948058                     50
                     15   0.001788941031721889      6.981937620447809                    0.5                    0.1      27.05290841759037                     50
                     16   0.001579190704102759      7.641333109647042                    0.5                    0.1      21.67546197826232                     50
                     17   0.002161985452531781      7.515185077104021                    0.5                    0.1      21.23718067947305                     50
                     18    0.02999494970214855      7.564110515760158                    0.5                    0.1      17.73306493873844                     50
                     19     0.4196248360831598      7.199424568156303                    0.5                    0.1      22.89644487819818                     50
                     20     0.4394935278483925      7.376451707833652                    0.5                    0.1      20.96190020017006                     50
                     21     0.5565728456202493      7.868863966525738                    0.5                    0.1      25.04533347319135                     50
                     22     0.9638846252022091      7.556819062889259                    0.5                    0.1      27.06415887691293                     50
                     23     0.9927899276691016      7.711012627931705                    0.5                    0.1       25.9517019658388                     50
                     24      1.155230363599307      7.344703027765954                    0.5                    0.1      27.15285775955483                     50
                     25      1.158506160144309      7.109061122942423                    0.5                    0.1      28.39157075257718                     50
                     26      1.049263983956934      6.883661369378916                    0.5                    0.1      29.68232017030739                     50
                     27      1.386788678964439      7.081140166858503                    0.5                    0.1      24.62000268918347                     50
                     28      1.468742471041703        6.7194261871428                    0.5                    0.1      29.49304873811344                     50
                     29     0.8909563147204972      6.682122059252657                    0.5                    0.1      27.07451265122125                     50
                     30     0.9136979320298569      6.925377794237905                    0.5                    0.1      22.45346498349912                     50
                     31     0.9669774937976073      6.476842803639718                    0.5                    0.1      29.74230346992936                     50
                     32     0.7951065561837309      6.603576376058815                    0.5                    0.1      23.44536037413171                     50
                     33      1.657064650038067      6.357542510069993                    0.5                    0.1      29.39690293924822                     50
                     34      1.181311549027876      6.225652669319482                    0.5                    0.1      28.77757183944727                     50
                     35      2.169954175973946      6.601599792158024                    0.5                    0.1      28.88944546145398                     50
                     36      2.323766617892514      6.428516199306337                    0.5                    0.1      27.30705940832968                     50
                     37      1.844783238837683      6.870409777755659                    0.5                    0.1      26.19608666221881                     50
                     38      3.065895565949372      6.774686531985351                    0.5                    0.1      30.13379695027166                     50
                     39      3.444367168666056      7.059255169626677                    0.5                    0.1      30.52805350687978                     50
                     40      2.276488291238191      7.114355858100534                    0.5                    0.1      28.56118860924076                     50
                     41      2.486234010975851      7.306514188766243                    0.5                    0.1      29.50104791421742                     50
                     42      2.180420950073717      6.995854760309085                    0.5                    0.1      24.22533311318419                     50
                     43       2.69524763912908      7.176474558704283                    0.5                    0.1      23.77486365002037                     50
                     44      2.848492304799675      7.440719170830671                    0.5                    0.1      28.57970539943696                     50
                     45      3.491012254243104      7.244594153700362                    0.5                    0.1       27.3311374254734                     50
                     46      2.546888122775163      7.630649274824623                    0.5                    0.1      29.70742338884338                     50
                     47      2.041843638779792      7.466780938970661                    0.5                    0.1      26.22582649254369                     50
                     48       1.64774907929918      7.253265696379818                    0.5                    0.1      23.27825881307663                     50
                     49      1.474577693558701      7.451335069584994                    0.5                    0.1        22.525515732134                     50
                     50      1.912541205872648       7.63909021219381                    0.5                    0.1      25.01749968380542                     50
                     51      1.740381073795358      7.758583040207543                    0.5                    0.1      25.75846125636274                     50
                     52      1.561403037214228      8.003204191998671                    0.5                    0.1      29.93183475085574                     50
                     53      2.098900738313016      7.883053336693073                    0.5                    0.1      26.66647547549956                     50
                     54      1.195684793523131       7.91589923655597                    0.5                    0.1      23.09331679271621                     50
                     55      1.479427990741631      7.650450831985466                    0.5                    0.1      19.54140809321413                     50
                     56      1.380060980975972      7.388956435358357                    0.5                    0.1      18.71914329463128                     50
                     57      2.172633596753126      7.402256405389888                    0.5                    0.1      18.62675992562167                     50
                     58      1.438036322756765      7.583331407044371                    0.5                    0.1      17.15409743538904                     50
                     59      1.027769204420318      7.203242101567554                    0.5                    0.1      18.66382134780138                     50
                     60     0.9571021999613758      7.688796849395241                    0.5                    0.1      17.26611266755661                     50
                     61      1.255658464811964      8.103372705932376                    0.5                    0.1      26.04102492526029                     50
                     62      1.648481217775229      7.851118264681081                    0.5                    0.1      18.91390599600135                     50
                     63      2.501241373570641      7.832739021998727                    0.5                    0.1      23.95148284783141                     50
                     64      2.697814569239251      7.747961121631819                    0.5                    0.1      22.35023280186905                     50
                     65      2.742633990654655      7.562061005140446                    0.5                    0.1      20.74992245220235                     50
                     66      2.576531848983269      7.506356400642044                    0.5                    0.1      16.92947338714663                     50
                     67      2.088863344342213      7.324395104280068                    0.5                    0.1      16.65515403932021                     50
                     68      2.065710206502371        7.2906041828304                    0.5                    0.1      15.54421634929658                     50
                     69     0.8943900165802642      7.243587472780219                    0.5                    0.1      16.24458524558385                     50
                     70      1.094318941403359       7.50723219793297                    0.5                    0.1       15.6957192788755                     50
                     71     0.9513285753082682      7.464991955877399                    0.5                    0.1      14.70644668226135                     50
                     72     0.9147189148432486      7.080945865405071                    0.5                    0.1      16.91939682467639                     50
                     73     0.9660820540041372      7.042874038351477                    0.5                    0.1      15.77940050688599                     50
                     74      1.215970159781444       6.85084799480042                    0.5                    0.1      17.95885277939163                     50
                     75      2.311912480866499      6.858654088170687                    0.5                    0.1      22.97048432504501                     50
                     76      2.762131679827552       6.92211131917971                    0.5                    0.1      22.67576616192344                     50
                     77      2.638753276854529      7.059900323530003                    0.5                    0.1      18.90453299955781                     50
                     78      2.353665428565662      6.747369531532626                    0.5                    0.1      21.42729796528014                     50
                     79      2.993650832314399      6.795602755694199                    0.5                    0.1      20.42014836919018                     50
                     80      1.788189043369988      6.599958194262364                    0.5                    0.1      20.96336562484186                     50
                     81     0.9326182177514302      6.693418025366248                    0.5                    0.1      18.02277934804296                     50
                     82     0.9121658885169044      6.947267785572839                    0.5                    0.1      15.30960369975454                     50
                     83     0.7406007893810209      6.814880502488236                    0.5                    0.1      17.36917137010394                     50
                     84     0.9329624097017594      6.527241065223128                    0.5                    0.1      19.38340579913944                     50
                     85     0.7285794307241241      6.344990093833061                    0.5                    0.1       24.8756218671222                     50
                     86      1.325555474127841      6.452280953173673                    0.5                    0.1      18.32110124892489                     50
                     87     0.8351557697421006      6.715570812618928                    0.5                    0.1      15.05227119538198                     50
                     88      1.698897749197775      6.902245901457401                    0.5                    0.1      15.07761765853486                     50
                     89      1.534276973751615      7.003340765755643                    0.5                    0.1      13.96480021493835                     50
                     90      1.571762113642474      7.159702452894035                    0.5                    0.1       14.2496878869705                     50
                     91      1.497389750584323      7.312998678060456                    0.5                    0.1      12.93215730803322                     50
                     92      1.348200381446398      7.078099472694677                    0.5                    0.1       11.6117451391131                     50
                     93     0.9162293240568169      7.385839116022563                    0.5                    0.1      13.12436194317119                     50
                     94     0.8942301783012619      7.250803969157405                    0.5                    0.1      12.29927117850508                     50
                     95     0.9345465253412795      7.512056877974644                    0.5                    0.1      12.64935434343303                     50
                     96     0.8998277297123651      7.780507285208006                    0.5                    0.1      16.79613942943486                     50
                     97     0.8063957955802808      7.860519261620092                    0.5                    0.1       16.5865229851739                     50
                     98     0.9707309595439648      7.646708106582292                    0.5                    0.1      12.69581230182851                     50
                     99     0.8882545762012705      7.815556197510428                    0.5                    0.1      13.81956440637412                     50
                    100     0.7794919407013154      8.064182558897036                    0.5                    0.1      20.56531497487054                     50
                    101     0.8679715813846498       7.93341677813141                    0.5                    0.1      14.88817370249243                     50
                    102     0.9732629525498989      8.187468339242031                    0.5                    0.1      23.45578454932401                     50
                    103     0.9406662265583149      8.151412529703226                    0.5                    0.1         18.28843673359                     50
                    104     0.8712237030961347      8.325460733255298                    0.5                    0.1      25.85896758950225                     50
                    105     0.7868255407981315      7.792976624172776                    0.5                    0.1      12.00270238170412                     50
                    106     0.7000225228662081      7.964564897033567                    0.5                    0.1      13.74088700120841                     50
                    107     0.9291810419815987      8.355311705321837                    0.5                    0.1      23.06643797074955                     50
                    108     0.9192916574777191      8.222733571897278                    0.5                    0.1      16.51486398906686                     50
                    109     0.9602067262961137      8.543828990571233                    0.5                    0.1      27.88021674788599                     50
                    110      0.986852862945758      8.397091359482735                    0.5                    0.1      19.76532008191972                     50
                    111     0.9165437924871825      8.481958277072973                    0.5                    0.1      19.62163678805629                     50
